cara 1
[ 6.43794046  3.10898291  1.93432943  1.38178811  0.91829348  0.59383299
  0.4434988   0.3999778   0.35942728  0.18184419]

[[-0.31023788  0.44615207  0.21175582 -0.36427904  0.31221848 -0.10592625
   0.03680079 -0.1153891   0.16024422 -0.04784228]
 [ 0.01377345  0.37083447 -0.14764307  0.07320321  0.14616128  0.03769381
  -0.19200587  0.10047403  0.26526464 -0.0445175 ]
 [ 0.15468102  0.27848109 -0.36672693  0.14466507  0.12436268 -0.03778866
   0.20201376  0.19396226  0.21438495  0.12473777]
 [ 0.2966937   0.20403422 -0.36601322  0.01233356  0.0730322   0.13687352
   0.17085912  0.03066105 -0.06501555  0.11423349]
 [ 0.35648634  0.15957034  0.2498373  -0.07569532 -0.01012331 -0.4045113
  -0.01211327  0.14383494 -0.6498648   0.18519102]
 [ 0.34661557 -0.09558455 -0.08193229 -0.36407812 -0.34014598  0.00380269
   0.31304092 -0.38150336  0.07802025 -0.36029559]
 [ 0.33871758 -0.19019811  0.0618009  -0.36797646  0.17864032  0.53836609
  -0.38060463 -0.06588703  0.01828507  0.17237415]
 [ 0.19800022  0.11838473  0.56345345  0.30545921  0.07811912  0.08566555
  -0.07024979  0.06384497  0.12601755 -0.51715475]
 [ 0.10770987 -0.16814289  0.34844276  0.20922369  0.01750635 -0.07985842
  -0.04586923 -0.16357359  0.31438941  0.52583944]
 [ 0.09661029 -0.39763734 -0.02650355  0.15887131  0.04196675 -0.29041043
   0.25845501 -0.05276709  0.32289186  0.02580361]
 [-0.00141111 -0.29175023 -0.14722278  0.13899881  0.16413774 -0.19552548
  -0.14747058  0.11013117 -0.01644739 -0.0404357 ]
 [-0.05017598 -0.293735   -0.21801249 -0.06640998  0.16485612 -0.12184683
  -0.23490523  0.3729782  -0.07880382 -0.41418986]
 [-0.18923984 -0.13834168 -0.01414958 -0.19249207  0.12341994 -0.07661469
  -0.07763782  0.06089988 -0.10315478  0.19190886]
 [-0.0858196  -0.00701604 -0.03505085  0.101614   -0.08145101  0.16582533
   0.27708551  0.03004411 -0.15122732  0.05652604]
 [-0.28436762 -0.05881357  0.0563563  -0.15701759  0.21355531 -0.19261295
   0.25376749 -0.20210463 -0.07206719 -0.03626951]
 [-0.16462699  0.09475421  0.10723202 -0.26056181 -0.66729863 -0.06915262
  -0.0568248   0.39703557  0.19921202  0.10115596]
 [-0.22665923 -0.032944   -0.17073998  0.01528151 -0.25479668 -0.13913897
  -0.45641164 -0.2514471   0.02155379 -0.0089402 ]
 [-0.17489465  0.09564379 -0.15323504  0.27231885 -0.08677534  0.06250734
  -0.15922574 -0.5263645  -0.25728065 -0.05687289]
 [-0.06107915  0.11962649  0.00857202  0.40833529 -0.24979148  0.21670677
  -0.01584388  0.06987957 -0.13825011  0.00465573]
 [-0.360776   -0.21331801  0.11977922  0.0082059   0.05240614  0.4659455
   0.33713989  0.18529067 -0.18815212  0.02409222]]

[[-0.40302171  3.75891572 -2.1475865   1.139504    0.81531179  0.51080279
   0.11379497 -0.56730282  0.62292287  0.53312025]
 [-0.12751509  0.7663469  -0.11723195  1.34507386  1.5625227  -0.12320643
  -0.7503002   0.15118722  0.98223251 -0.1584394 ]
 [-0.18778225 -0.83955976  0.75769189  1.18522126  2.3752226  -0.03286069
  -0.21569263  0.58978489  1.18283641 -0.67880108]
 [ 0.14728673 -1.4324413   1.48248726 -0.13429239  2.61976766 -0.6764135
  -0.48102536  0.49785836  1.74427961 -0.41718678]
 [ 0.78548137 -1.13857034  2.65479587 -0.54493975  1.31959766 -1.4146002
   0.08203713  0.04355509  1.88961881 -0.45076044]
 [-0.36471325 -2.25657702  1.27268145 -2.55297297  1.07069547 -0.70388845
   1.55712638 -0.14435585  1.15925865  0.19852717]
 [ 1.92780033 -0.5560872   1.11694428 -2.64280126  0.70448123 -2.10599122
   0.28801208 -0.16030784  0.2600664   0.02153346]
 [ 0.36485437 -0.20551184  0.39858709  0.45845004  0.12731226 -2.08518675
   0.0132625   1.05392766  0.96925778  0.07727267]
 [ 0.40080976 -0.74106873  0.05712117 -0.61108806 -1.03390127 -0.57620785
   0.26225963  0.27073917  0.00382936  0.32378041]
 [ 0.37524285 -1.65189204  1.00608236 -1.35537889 -0.56815021  0.54074133
   0.64867194  0.9053688  -1.64105882 -0.33547175]
 [ 0.4785214  -0.56930898  0.59545379 -0.71294795 -0.65921129  0.60068666
   0.13369644  0.13543463 -1.37733246 -1.0205763 ]
 [ 0.94206812 -0.08215285  0.49936092 -0.52838925 -0.59134435  1.26584619
   0.84412673 -0.16704122 -1.70938325 -0.53953478]
 [ 0.47888545  1.37660418 -0.35502976 -0.19904032 -0.99230116  1.10767469
   0.41019652 -0.81608377 -0.71254822  0.44761345]
 [ 0.13505992 -0.53817656 -0.93951986  0.7483363  -0.4277323   0.45823816
  -0.2757117   0.22526327 -0.12680086  0.32494237]
 [-0.31288422  2.00097211 -0.73746352  0.23476403 -1.08046513  1.02909192
   0.53218783 -0.38818795 -0.90944581  0.36122276]
 [-1.05550571  0.07736591 -1.18640763  0.34213581 -0.43647348 -0.04135269
   0.40869155 -0.72198195 -0.12691408  1.12659139]
 [-1.61266453  0.90572552 -0.86949186  0.0200363  -1.19729096  1.23910748
  -0.87561085 -0.67827415 -0.60192384 -0.95213524]
 [-1.1063917   0.41100062 -0.4693985   0.96647484 -1.21240401  1.06632952
  -1.83155338 -0.12661858  0.09889132  0.15312922]
 [-0.77896992 -0.9344685  -0.84002238  1.77543662 -0.61832302 -0.55495364
  -1.10131278 -0.06131793 -0.02259785  0.12244063]
 [-0.08656191  1.64888416 -2.17905411  1.06641778 -1.7773142   0.49614268
   0.23714319 -0.04164705 -1.68518852  0.86273201]]

[19 18 17 16 15 14 13 12 11 10]
cara 2
[ 24826.60186263  13396.09949633   5819.60403263   3257.466436
   2222.02062943   1900.91723384   1248.09049649    911.48583424
    720.76923517    594.89267949]

[[-0.00642597  0.09481488  0.02255479 -0.11418084  0.02209063 -0.04879422
   0.06448082 -0.03909279  0.16820402 -0.04846218]
 [ 0.11844482 -0.23173907 -0.48318503  0.18789414 -0.06095188 -0.37324957
   0.00759728 -0.12153273  0.04887103 -0.0589029 ]
 [ 0.06937836 -0.28004083  0.02567094 -0.31722205  0.08447654 -0.3510419
  -0.45745824  0.40042835 -0.04644627 -0.17427192]
 [-0.18365502 -0.12517117  0.35807404  0.11610598 -0.4239385  -0.06135955
  -0.33587836 -0.226613   -0.0449805  -0.09957795]
 [-0.29041607 -0.12064339  0.27894943 -0.11750769 -0.2382929  -0.26943228
  -0.16612874 -0.31327803 -0.0279104   0.0408679 ]
 [-0.43730126 -0.06291466 -0.00740898 -0.38445414  0.03420976  0.00477911
   0.32160733 -0.08031041  0.32724494 -0.24502311]
 [-0.37034453 -0.01160511 -0.20865164 -0.12365979  0.04851991 -0.12024479
   0.28627654  0.05035355  0.1340436  -0.11210613]
 [-0.21183523  0.16741119 -0.10373261  0.22776602 -0.35652538 -0.22455742
   0.25218428  0.04163856 -0.29733733  0.32173934]
 [-0.08249234  0.31550653  0.01501301  0.13523335 -0.00785292 -0.23491121
  -0.01449701  0.42774411 -0.11444231 -0.49395348]
 [-0.17056587  0.30025306  0.1092366   0.17167769  0.34785785 -0.33836399
  -0.19510388 -0.26301492  0.15390372 -0.04394832]
 [-0.11312968  0.27802003  0.03896101  0.17089542  0.51929221 -0.17766902
  -0.13283593 -0.19998337 -0.07484031  0.12318948]
 [-0.14223545  0.2359212  -0.05025341  0.36101325 -0.28986766  0.02609097
   0.01423562  0.20338235  0.00168478 -0.29528833]
 [-0.26760589 -0.02589297 -0.41495685  0.18940589  0.04434744  0.31141935
  -0.28978529 -0.13838641 -0.0685217  -0.03460011]
 [-0.34399397 -0.1056687  -0.2836486   0.00222798  0.00901251  0.34397564
  -0.37040201 -0.02251331  0.01705374 -0.1201865 ]
 [-0.3861645  -0.04934482 -0.08580109 -0.14581004  0.07237423 -0.1456312
  -0.08543681  0.40070631 -0.17615544  0.55519673]
 [-0.26107319 -0.1442558   0.35530785  0.06508761  0.19387326  0.17843016
   0.24346541  0.02448257 -0.36037    -0.1444381 ]
 [-0.10207039 -0.37119271  0.29585335  0.49479402  0.2206689   0.15928719
   0.01633557  0.31342781  0.28172367  0.08955934]
 [ 0.0229053  -0.46670684 -0.11500126  0.10785815  0.2072062  -0.17704606
   0.20061703 -0.20148788 -0.49907042 -0.25823442]
 [-0.01768161 -0.28087138 -0.04209248  0.28174472 -0.09025331 -0.25034404
   0.10871254 -0.02734396  0.44604407  0.08295283]
 [-0.04872654 -0.06574922 -0.0022327   0.06525136  0.04600393 -0.06441799
   0.03027847  0.096119    0.12340042  0.03844161]]

[[  6.60354275e+00  -1.88421789e+00  -1.49015367e-01  -2.73880352e+00
   -5.86806021e-01  -3.28294159e-01  -1.03474463e-01   1.43424919e-01
    7.54449932e-01  -2.37902687e-01]
 [  3.91092463e+00   1.29352824e+00  -1.41085997e+00   5.03087985e-02
   -5.40513728e-01   1.18185848e-01  -4.59408331e-03  -7.72677077e-01
    5.11092307e-01  -6.02979790e-02]
 [  1.27274164e+00   2.43987782e+00  -2.38950198e+00   8.68824393e-01
   -6.20061210e-01  -3.49496516e-01  -4.48645526e-01   2.51519102e-01
    3.77302822e-01   3.05625667e-01]
 [ -3.95433591e-01   3.36530649e+00  -2.32522019e+00   6.37674326e-01
   -1.47401087e-01  -2.75453303e-01  -3.14918043e-01   5.49866003e-01
   -4.52016445e-01  -6.10925069e-02]
 [  2.42932025e-01   3.96428011e+00   1.27426706e+00  -8.25509140e-01
    5.39868960e-01  -1.41876344e+00   1.51516470e+00   6.21082372e-01
   -4.98366665e-01   2.67423740e-01]
 [ -1.84430127e+00   3.26901377e+00  -4.74600661e-01  -1.65568708e+00
    1.44926637e+00   1.43481698e+00  -2.07446819e-01   4.95956382e-01
   -3.00658107e-01  -5.63778088e-01]
 [ -2.26391657e+00   2.63268903e+00   5.71536750e-01  -1.72489177e+00
   -2.11795754e-01   1.05795673e+00  -3.68304513e-01  -9.78060443e-01
   -7.29128513e-01  -3.81978365e-01]
 [  1.98432096e+00   2.52964044e+00   3.43088332e+00   6.33410344e-01
   -2.86795396e-01  -2.44857682e-03  -3.44559718e-01  -6.91191242e-01
   -4.00729990e-01  -2.47976559e-01]
 [ -1.33983442e+00   7.09564924e-01   2.54721160e+00   6.92651728e-01
   -2.14220021e-01   3.35056424e-01  -5.77359503e-02   2.34554537e-01
    1.11967857e+00  -1.70705626e-01]
 [ -4.15413487e+00   1.39476709e-01   8.17398935e-01   9.12915085e-01
   -8.90822610e-01   4.27594951e-01  -2.42831386e-01   3.48818929e-01
    7.16433485e-01   3.05593925e-01]
 [ -4.18637800e+00  -1.07342171e+00  -2.22472034e-01   1.31877406e+00
   -1.00685542e+00  -7.53604718e-01   3.96199713e-01  -1.84284589e-01
    6.30703248e-02   2.29744866e-01]
 [ -3.28201003e+00  -1.30462701e+00  -8.44147216e-01  -3.74134450e-02
   -9.67541438e-01  -5.60428565e-01   3.22363300e-01  -1.22438143e+00
   -4.74981966e-01   1.33113201e-01]
 [ -1.60078858e+00  -2.62838573e+00  -2.19736652e-01  -5.01881202e-01
   -3.04190531e-01  -7.96397086e-01   5.15064780e-02   7.55799006e-02
    1.83750170e-01  -8.00998501e-02]
 [ -1.64063216e+00  -1.19845994e+00  -2.79047113e-01   1.09838819e+00
    5.00353172e-01  -1.10857810e+00  -6.25799447e-01   6.60099917e-01
   -2.97285384e-01  -9.62440087e-01]
 [  3.65613272e-01  -3.12976117e+00   1.12551661e-01  -8.60812256e-01
   -7.93854391e-01  -3.43984409e-01  -7.31914325e-02   9.48113693e-01
    2.26436712e-01  -1.20172062e-01]
 [  1.19944506e-01  -1.76294917e+00  -9.85242348e-02  -3.73130739e-01
    3.08596136e+00  -1.06025946e+00  -6.94868989e-01  -6.78668593e-01
    7.50922248e-01   4.57029033e-01]
 [  1.42510415e+00  -2.25614174e+00  -8.96338185e-01   1.78614849e-01
    6.31852055e-01   1.46517773e+00   1.26451262e+00  -4.48231330e-01
    2.78952073e-01   1.12324558e+00]
 [  2.36438575e+00  -1.29573517e+00  -7.23963559e-01   1.11493959e+00
   -2.74174635e-02   1.33027154e+00   1.17790325e+00   3.51280237e-01
   -3.17113679e-01  -6.25414642e-01]
 [  1.40416861e+00  -1.15050977e-01   2.53757027e-01   1.84916626e+00
    7.97173361e-01   2.69635269e-02   2.53631810e-02  -1.10202907e-01
   -3.71280710e-01  -2.20535566e-01]
 [  1.01375120e+00  -3.69462702e+00   1.02582081e+00  -6.37538476e-01
   -4.06200211e-01   8.01684604e-01  -1.26664287e+00   4.07401615e-01
   -1.14052719e+00   9.10618005e-01]]
